The best-fit parameters are: 
H0: 71.43343352176873 +/- 0.009692458992974464
ombh2: 0.02249519313273732 +/- 2.0310318471315986e-06
omch2: 0.10929547328325001 +/- 1.835647124993335e-05
tau: 0.046918779207012776 +/- 0.0002721780624621629
As: 2.009806903063159e-09 +/- 1.0529763217979888e-12
ns: 0.9838468797564554 +/- 6.02147444699343e-05
